753349557744984064
753245099841183748
753213030436044800
752936515756580864
752565043011678208
752282546692644864
752221867293962241
752177540979122176
752104000292548608
751988944443699200
751867553878859776
751518377718452224
751451737924460545
751446005363728385
751410896161865728
751402672453017600
751166448630767618
750878646236278788
750787214485950464
749705924655349760
749693658883063808
749669321538953220
749634937217835008
749463568697946113
749350719510249473
749321381704241152
749316969766260736
749277813451198464
749269861860335616
749266348447072256
749256277260439553
749255856521379840
749219669001797632
748954784934264832
748949676255285250
748948590421282816
748902838030315520
748899584194273281
748884616971481088
748867210316177410
748745831071690754
748504702887813120
750840265619939328
749964632073314304
750034196287094785
749813456077983744
748880996133638144
748905306780872705
749352956970078208
749476755426119680
749724786171994113
750043503216979968
749792590778757120
749851850296463360
750344366120546304
750739705835167745
748905306780872705
749352956970078208
749476755426119680
749724786171994113
750043503216979968
749792590778757120
749851850296463360
750344366120546304
750739705835167745
